(* Content-type: application/vnd.wolfram.mathematica *)

(*** Wolfram Notebook File ***)
(* http://www.wolfram.com/nb *)

(* CreatedBy='Mathematica 10.3' *)

(*CacheID: 234*)
(* Internal cache information:
NotebookFileLineBreakTest
NotebookFileLineBreakTest
NotebookDataPosition[       158,          7]
NotebookDataLength[    473207,       8175]
NotebookOptionsPosition[    472036,       8133]
NotebookOutlinePosition[    472686,       8157]
CellTagsIndexPosition[    472643,       8154]
WindowFrame->Normal*)

(* Beginning of Notebook Content *)
Notebook[{
Cell["\<\
Notebook for making a plot of polyhedra that represent each symmetry class.
(The 8th class, trivial, does not have a shape.)
The polyhedra shapes are in common_MTfuns.nb (which also requires \
common_funs.nb).
\
\>", "Subsubsection",
 CellChangeTimes->{{3.8638232348548384`*^9, 3.8638232780899687`*^9}, 
   3.863915955367996*^9, {3.8639161716501427`*^9, 3.8639162775472307`*^9}}],

Cell[CellGroupData[{

Cell["\<\
Modified command to center axes within the brick.\
\>", "Subsubsection",
 CellChangeTimes->{{3.8638232348548384`*^9, 3.8638232780899687`*^9}, {
  3.86391511018713*^9, 3.8639151259378853`*^9}}],

Cell[BoxData[
 RowBox[{
  RowBox[{"BrickPolys", "=", "\[IndentingNewLine]", 
   RowBox[{
    FractionBox["2", "3"], 
    RowBox[{"{", 
     RowBox[{
      RowBox[{"{", 
       RowBox[{
        RowBox[{"{", 
         RowBox[{"1", ",", "2", ",", 
          RowBox[{
           RowBox[{"-", "3"}], "/", "2"}]}], "}"}], ",", 
        RowBox[{"{", 
         RowBox[{"1", ",", "2", ",", 
          RowBox[{"3", "/", "2"}]}], "}"}], ",", 
        RowBox[{"{", 
         RowBox[{
          RowBox[{"-", "1"}], ",", "2", ",", 
          RowBox[{"3", "/", "2"}]}], "}"}], ",", 
        RowBox[{"{", 
         RowBox[{
          RowBox[{"-", "1"}], ",", "2", ",", 
          RowBox[{
           RowBox[{"-", "3"}], "/", "2"}]}], "}"}]}], "}"}], ",", 
      "\[IndentingNewLine]", 
      RowBox[{"{", 
       RowBox[{
        RowBox[{"{", 
         RowBox[{"1", ",", 
          RowBox[{"-", "2"}], ",", 
          RowBox[{
           RowBox[{"-", "3"}], "/", "2"}]}], "}"}], ",", 
        RowBox[{"{", 
         RowBox[{"1", ",", 
          RowBox[{"-", "2"}], ",", 
          RowBox[{"3", "/", "2"}]}], "}"}], ",", 
        RowBox[{"{", 
         RowBox[{
          RowBox[{"-", "1"}], ",", 
          RowBox[{"-", "2"}], ",", 
          RowBox[{"3", "/", "2"}]}], "}"}], ",", 
        RowBox[{"{", 
         RowBox[{
          RowBox[{"-", "1"}], ",", 
          RowBox[{"-", "2"}], ",", 
          RowBox[{
           RowBox[{"-", "3"}], "/", "2"}]}], "}"}]}], "}"}], ",", 
      "\[IndentingNewLine]", 
      RowBox[{"{", 
       RowBox[{
        RowBox[{"{", 
         RowBox[{"1", ",", "2", ",", 
          RowBox[{
           RowBox[{"-", "3"}], "/", "2"}]}], "}"}], ",", 
        RowBox[{"{", 
         RowBox[{"1", ",", "2", ",", 
          RowBox[{"3", "/", "2"}]}], "}"}], ",", 
        RowBox[{"{", 
         RowBox[{"1", ",", 
          RowBox[{"-", "2"}], ",", 
          RowBox[{"3", "/", "2"}]}], "}"}], ",", 
        RowBox[{"{", 
         RowBox[{"1", ",", 
          RowBox[{"-", "2"}], ",", 
          RowBox[{
           RowBox[{"-", "3"}], "/", "2"}]}], "}"}]}], "}"}], ",", 
      "\[IndentingNewLine]", 
      RowBox[{"{", 
       RowBox[{
        RowBox[{"{", 
         RowBox[{
          RowBox[{"-", "1"}], ",", "2", ",", 
          RowBox[{
           RowBox[{"-", "3"}], "/", "2"}]}], "}"}], ",", 
        RowBox[{"{", 
         RowBox[{
          RowBox[{"-", "1"}], ",", "2", ",", 
          RowBox[{"3", "/", "2"}]}], "}"}], ",", 
        RowBox[{"{", 
         RowBox[{
          RowBox[{"-", "1"}], ",", 
          RowBox[{"-", "2"}], ",", 
          RowBox[{"3", "/", "2"}]}], "}"}], ",", 
        RowBox[{"{", 
         RowBox[{
          RowBox[{"-", "1"}], ",", 
          RowBox[{"-", "2"}], ",", 
          RowBox[{
           RowBox[{"-", "3"}], "/", "2"}]}], "}"}]}], "}"}], ",", 
      "\[IndentingNewLine]", 
      RowBox[{"{", 
       RowBox[{
        RowBox[{"{", 
         RowBox[{"1", ",", "2", ",", 
          RowBox[{"3", "/", "2"}]}], "}"}], ",", 
        RowBox[{"{", 
         RowBox[{"1", ",", 
          RowBox[{"-", "2"}], ",", 
          RowBox[{"3", "/", "2"}]}], "}"}], ",", 
        RowBox[{"{", 
         RowBox[{
          RowBox[{"-", "1"}], ",", 
          RowBox[{"-", "2"}], ",", 
          RowBox[{"3", "/", "2"}]}], "}"}], ",", 
        RowBox[{"{", 
         RowBox[{
          RowBox[{"-", "1"}], ",", "2", ",", 
          RowBox[{"3", "/", "2"}]}], "}"}]}], "}"}], ",", 
      "\[IndentingNewLine]", 
      RowBox[{"{", 
       RowBox[{
        RowBox[{"{", 
         RowBox[{"1", ",", "2", ",", 
          RowBox[{
           RowBox[{"-", "3"}], "/", "2"}]}], "}"}], ",", 
        RowBox[{"{", 
         RowBox[{"1", ",", 
          RowBox[{"-", "2"}], ",", 
          RowBox[{
           RowBox[{"-", "3"}], "/", "2"}]}], "}"}], ",", 
        RowBox[{"{", 
         RowBox[{
          RowBox[{"-", "1"}], ",", 
          RowBox[{"-", "2"}], ",", 
          RowBox[{
           RowBox[{"-", "3"}], "/", "2"}]}], "}"}], ",", 
        RowBox[{"{", 
         RowBox[{
          RowBox[{"-", "1"}], ",", "2", ",", 
          RowBox[{
           RowBox[{"-", "3"}], "/", "2"}]}], "}"}]}], "}"}]}], "}"}]}]}], 
  ";"}]], "Input",
 CellChangeTimes->{{3.810067997885927*^9, 3.8100679993177547`*^9}, {
  3.8100680572112947`*^9, 3.810068151770524*^9}, {3.8100681872078514`*^9, 
  3.8100682353231993`*^9}, {3.8100682743726597`*^9, 3.810068425278842*^9}, {
  3.8100687139798713`*^9, 3.8100687211328897`*^9}, {3.829918191614537*^9, 
  3.829918193362425*^9}, {3.863871863105654*^9, 3.863871900202386*^9}, {
  3.8638720241865697`*^9, 3.863872067956636*^9}, {3.8638725980062404`*^9, 
  3.8638726129572525`*^9}}]
}, Open  ]],

Cell[CellGroupData[{

Cell["\<\
Plot with axes (note optional commands for xyz axis labels)
(also note the command that shifts the wedge up in order to center the axes \
and also rotates about Z)\
\>", "Subsubsection",
 CellChangeTimes->{{3.8638232348548384`*^9, 3.8638232780899687`*^9}, {
  3.863915134703094*^9, 3.863915164841373*^9}, {3.86391658077647*^9, 
  3.863916629415429*^9}}],

Cell[CellGroupData[{

Cell[BoxData[{
 RowBox[{
  RowBox[{"eye", "=", 
   RowBox[{"10", 
    RowBox[{"xyztp", "[", 
     RowBox[{"{", 
      RowBox[{"10", ",", "70"}], "}"}], "]"}]}]}], 
  ";"}], "\[IndentingNewLine]", 
 RowBox[{
  RowBox[{"Xlate", "=", 
   RowBox[{"{", 
    RowBox[{"0", ",", "4.5", ",", "0"}], "}"}]}], 
  ";"}], "\[IndentingNewLine]", 
 RowBox[{
  RowBox[{"tkns", "=", ".0017"}], ";"}], "\[IndentingNewLine]", 
 RowBox[{
  RowBox[{"ArrowScale", "=", ".48"}], ";"}], "\[IndentingNewLine]", 
 RowBox[{
  RowBox[{"zshift", " ", "=", " ", "0.5"}], ";"}], "\[IndentingNewLine]", 
 RowBox[{"Graphics3D", "[", 
  RowBox[{
   RowBox[{"{", "\[IndentingNewLine]", 
    RowBox[{
     RowBox[{"Paxes", "[", 
      RowBox[{"True", ",", "True", ",", "True", ",", "id", ",", 
       RowBox[{"{", 
        RowBox[{"0", ",", "0", ",", "0"}], "}"}], ",", "2.5", ",", "0", ",", 
       "ArrowScale", ",", 
       RowBox[{"2", "tkns"}], ",", "\"\<Gray\>\"", ",", "ArrowColor"}], "]"}],
      ",", " ", 
     RowBox[{"(*", " ", 
      StyleBox["wedge",
       FontColor->RGBColor[1, 0, 0]], " ", "*)"}], "\[IndentingNewLine]", 
     RowBox[{"{", 
      RowBox[{
       RowBox[{"GrayLevel", "[", ".9", "]"}], ",", 
       RowBox[{"EdgeForm", "[", 
        RowBox[{"Thickness", "[", 
         RowBox[{".4", "tkns"}], "]"}], "]"}], ",", "  ", 
       "\[IndentingNewLine]", 
       RowBox[{"Polygon", "/@", 
        RowBox[{"Map", "[", 
         RowBox[{
          RowBox[{
           RowBox[{
            RowBox[{"{", 
             RowBox[{"0", ",", "0", ",", "zshift"}], "}"}], "+", 
            RowBox[{"1.6", " ", 
             RowBox[{
              RowBox[{"ZRot", "[", 
               RowBox[{"30", " ", "Degree"}], "]"}], ".", "#"}]}]}], " ", 
           "&"}], ",", "wedgePolys", ",", 
          RowBox[{"{", "2", "}"}]}], "]"}]}]}], "}"}], ",", " ", 
     "\[IndentingNewLine]", 
     RowBox[{"Paxes", "[", 
      RowBox[{"True", ",", "True", ",", "True", ",", "id", ",", 
       RowBox[{
        RowBox[{"{", 
         RowBox[{"0", ",", "0", ",", "0"}], "}"}], "+", "Xlate"}], ",", "2.5",
        ",", "0", ",", "ArrowScale", ",", 
       RowBox[{"2", "tkns"}], ",", "\"\<Gray\>\"", ",", "ArrowColor"}], "]"}],
      ",", " ", 
     RowBox[{"(*", " ", 
      StyleBox[
       RowBox[{"triangular", " ", "prism"}],
       FontColor->RGBColor[1, 0, 0]], " ", "*)"}], "\[IndentingNewLine]", 
     RowBox[{"{", 
      RowBox[{
       RowBox[{"GrayLevel", "[", ".9", "]"}], ",", 
       RowBox[{"EdgeForm", "[", 
        RowBox[{"Thickness", "[", 
         RowBox[{".4", "tkns"}], "]"}], "]"}], ",", "  ", 
       "\[IndentingNewLine]", 
       RowBox[{"Polygon", "/@", 
        RowBox[{"Map", "[", 
         RowBox[{
          RowBox[{
           RowBox[{"#", "+", "Xlate"}], " ", "&"}], ",", 
          "TriangularPrismPolys", ",", 
          RowBox[{"{", "2", "}"}]}], "]"}]}]}], "}"}], ",", 
     "\[IndentingNewLine]", 
     RowBox[{"Paxes", "[", 
      RowBox[{"True", ",", "True", ",", "True", ",", "id", ",", 
       RowBox[{
        RowBox[{"{", 
         RowBox[{"0", ",", "0", ",", "0"}], "}"}], "+", 
        RowBox[{"2", "Xlate"}]}], ",", "2.5", ",", "0", ",", "ArrowScale", 
       ",", 
       RowBox[{"2", "tkns"}], ",", "\"\<Gray\>\"", ",", "ArrowColor"}], "]"}],
      ",", 
     RowBox[{"(*", " ", 
      StyleBox["brick",
       FontColor->RGBColor[1, 0, 0]], " ", "*)"}], "\[IndentingNewLine]", 
     RowBox[{"{", 
      RowBox[{
       RowBox[{"GrayLevel", "[", ".9", "]"}], ",", 
       RowBox[{"EdgeForm", "[", 
        RowBox[{"Thickness", "[", 
         RowBox[{".4", "tkns"}], "]"}], "]"}], ",", "  ", 
       "\[IndentingNewLine]", 
       RowBox[{"Polygon", "/@", 
        RowBox[{"Map", "[", 
         RowBox[{
          RowBox[{
           RowBox[{"#", "+", 
            RowBox[{"2", "Xlate"}]}], " ", "&"}], ",", "BrickPolys", ",", 
          RowBox[{"{", "2", "}"}]}], "]"}]}]}], "}"}], ",", 
     "\[IndentingNewLine]", 
     RowBox[{"If", "[", 
      RowBox[{"False", ",", 
       RowBox[{"{", "\[IndentingNewLine]", 
        RowBox[{
         RowBox[{"Text", "[", 
          RowBox[{
           RowBox[{"Style", "[", 
            RowBox[{"\"\<x\>\"", ",", "16"}], "]"}], ",", 
           RowBox[{
            RowBox[{"2", "Xlate"}], "+", 
            RowBox[{"{", 
             RowBox[{"3.7", ",", "0", ",", "0"}], "}"}]}]}], "]"}], ",", 
         "\[IndentingNewLine]", 
         RowBox[{"Text", "[", 
          RowBox[{
           RowBox[{"Style", "[", 
            RowBox[{"\"\<y\>\"", ",", "16"}], "]"}], ",", 
           RowBox[{
            RowBox[{"2", "Xlate"}], "+", 
            RowBox[{"{", 
             RowBox[{"0", ",", "2.8", ",", "0"}], "}"}]}]}], "]"}], ",", 
         "\[IndentingNewLine]", 
         RowBox[{"Text", "[", 
          RowBox[{
           RowBox[{"Style", "[", 
            RowBox[{"\"\<z\>\"", ",", "16"}], "]"}], ",", 
           RowBox[{
            RowBox[{"2", "Xlate"}], "+", 
            RowBox[{"{", 
             RowBox[{"0", ",", "0", ",", "3"}], "}"}]}]}], "]"}]}], "}"}]}], 
      "]"}], ",", "\[IndentingNewLine]", 
     RowBox[{"Paxes", "[", 
      RowBox[{"True", ",", "True", ",", "True", ",", "id", ",", 
       RowBox[{
        RowBox[{"{", 
         RowBox[{"0", ",", "0", ",", "0"}], "}"}], "+", 
        RowBox[{"3", "Xlate"}]}], ",", "2.5", ",", "0", ",", "ArrowScale", 
       ",", 
       RowBox[{"2", "tkns"}], ",", "\"\<Gray\>\"", ",", "ArrowColor"}], "]"}],
      ",", 
     RowBox[{"(*", " ", 
      StyleBox[
       RowBox[{"square", " ", "prism"}],
       FontColor->RGBColor[1, 0, 0]], " ", "*)"}], "\[IndentingNewLine]", 
     RowBox[{"{", 
      RowBox[{
       RowBox[{"GrayLevel", "[", ".9", "]"}], ",", 
       RowBox[{"EdgeForm", "[", 
        RowBox[{"Thickness", "[", 
         RowBox[{".4", "tkns"}], "]"}], "]"}], ",", "  ", 
       "\[IndentingNewLine]", 
       RowBox[{"Polygon", "/@", 
        RowBox[{"Map", "[", 
         RowBox[{
          RowBox[{
           RowBox[{
            RowBox[{"2.2", "#"}], "+", 
            RowBox[{"3", "Xlate"}]}], " ", "&"}], ",", "SquarePrismPolys", 
          ",", 
          RowBox[{"{", "2", "}"}]}], "]"}]}]}], "}"}], ",", 
     "\[IndentingNewLine]", 
     RowBox[{"Paxes", "[", 
      RowBox[{"True", ",", "True", ",", "True", ",", "id", ",", 
       RowBox[{
        RowBox[{"{", 
         RowBox[{"0", ",", "0", ",", "0"}], "}"}], "+", 
        RowBox[{"4", "Xlate"}]}], ",", "2.5", ",", "0", ",", "ArrowScale", 
       ",", 
       RowBox[{"2", "tkns"}], ",", "\"\<Gray\>\"", ",", "ArrowColor"}], "]"}],
      ",", "\[IndentingNewLine]", 
     RowBox[{"{", 
      RowBox[{
       RowBox[{"GrayLevel", "[", ".9", "]"}], ",", 
       RowBox[{"EdgeForm", "[", 
        RowBox[{"Thickness", "[", 
         RowBox[{".4", "tkns"}], "]"}], "]"}], ",", "  ", 
       RowBox[{"(*", " ", 
        StyleBox["cube",
         FontColor->RGBColor[1, 0, 0]], " ", "*)"}], "\[IndentingNewLine]", 
       RowBox[{"Polygon", "/@", 
        RowBox[{"Map", "[", 
         RowBox[{
          RowBox[{
           RowBox[{"#", "+", 
            RowBox[{"4", "Xlate"}]}], " ", "&"}], ",", "CubeFacePolys", ",", 
          RowBox[{"{", "2", "}"}]}], "]"}]}]}], "}"}], ",", 
     "\[IndentingNewLine]", 
     RowBox[{"Paxes", "[", 
      RowBox[{"True", ",", "True", ",", "True", ",", "id", ",", 
       RowBox[{
        RowBox[{"{", 
         RowBox[{"0", ",", "0", ",", "0"}], "}"}], "+", 
        RowBox[{"5", "Xlate"}]}], ",", "2.5", ",", "0", ",", "ArrowScale", 
       ",", 
       RowBox[{"2", "tkns"}], ",", "\"\<Gray\>\"", ",", "ArrowColor"}], "]"}],
      ",", " ", 
     RowBox[{"(*", " ", 
      StyleBox["cylinder",
       FontColor->RGBColor[1, 0, 0]], " ", "*)"}], "\[IndentingNewLine]", 
     RowBox[{"{", 
      RowBox[{
       RowBox[{"GrayLevel", "[", ".9", "]"}], ",", 
       RowBox[{"EdgeForm", "[", "]"}], ",", "  ", "\[IndentingNewLine]", 
       RowBox[{"Polygon", "/@", 
        RowBox[{"Map", "[", 
         RowBox[{
          RowBox[{
           RowBox[{
            RowBox[{".8", "#"}], "+", 
            RowBox[{"5", "Xlate"}]}], " ", "&"}], ",", "CylinderPolys", ",", 
          RowBox[{"{", "2", "}"}]}], "]"}]}]}], "}"}], ",", 
     "\[IndentingNewLine]", 
     RowBox[{"{", 
      RowBox[{
       RowBox[{"GrayLevel", "[", ".9", "]"}], ",", 
       RowBox[{"EdgeForm", "[", "]"}], ",", "  ", 
       RowBox[{"(*", " ", 
        StyleBox["sphere",
         FontColor->RGBColor[1, 0, 0]], " ", "*)"}], "\[IndentingNewLine]", 
       RowBox[{"Polygon", "/@", 
        RowBox[{"Map", "[", 
         RowBox[{
          RowBox[{
           RowBox[{
            RowBox[{"1.6", "#"}], "+", 
            RowBox[{"6", "Xlate"}]}], " ", "&"}], ",", "SpherePolys", ",", 
          RowBox[{"{", "2", "}"}]}], "]"}]}]}], "}"}], ",", 
     "\[IndentingNewLine]", 
     RowBox[{"Paxes", "[", 
      RowBox[{"True", ",", "True", ",", "True", ",", "id", ",", 
       RowBox[{
        RowBox[{"{", 
         RowBox[{"0", ",", "0", ",", "0"}], "}"}], "+", 
        RowBox[{"6", "Xlate"}]}], ",", "2.5", ",", "0", ",", "ArrowScale", 
       ",", 
       RowBox[{"2", "tkns"}], ",", "\"\<Gray\>\"", ",", "ArrowColor"}], 
      "]"}]}], "\[IndentingNewLine]", "}"}], ",", 
   RowBox[{"Boxed", "\[Rule]", "False"}], ",", 
   RowBox[{"ViewPoint", "\[Rule]", "eye"}], ",", 
   RowBox[{"ImageSize", "\[Rule]", "800"}]}], "]"}]}], "Input",
 CellChangeTimes->{{3.8638229607121162`*^9, 3.8638229794389915`*^9}, {
   3.863869037283667*^9, 3.86386905309441*^9}, {3.863869159671821*^9, 
   3.863869188093607*^9}, {3.8638692520961103`*^9, 3.863869263022097*^9}, {
   3.863869297933449*^9, 3.863869398244155*^9}, {3.863869439752643*^9, 
   3.863869440083736*^9}, {3.863869475748972*^9, 3.863869488761166*^9}, {
   3.863869523824223*^9, 3.8638696636824007`*^9}, {3.863869986807547*^9, 
   3.8638701015944242`*^9}, {3.863870256452085*^9, 3.863870363757843*^9}, {
   3.8639047642798967`*^9, 3.8639047988433437`*^9}, 3.8639048420597496`*^9, {
   3.863904877338911*^9, 3.863904891626138*^9}, {3.8639049233405075`*^9, 
   3.8639049487181616`*^9}, {3.8639050255983367`*^9, 3.863905031246911*^9}, 
   3.8639050765750084`*^9, {3.8639052763979874`*^9, 3.8639054253876877`*^9}, 
   3.863905477046147*^9, 3.8639055101954107`*^9, {3.863905546896208*^9, 
   3.8639055490483036`*^9}, {3.8639056183364725`*^9, 3.86390565848166*^9}, {
   3.8639057078895245`*^9, 3.86390579194284*^9}, {3.863905822626162*^9, 
   3.8639058345417194`*^9}, {3.8639058828709593`*^9, 3.863905892638858*^9}, {
   3.8639059298414917`*^9, 3.8639062603557725`*^9}, {3.8639063102219577`*^9, 
   3.863906434948448*^9}, 3.8639064853353014`*^9, {3.8639065214294662`*^9, 
   3.863906556359501*^9}, {3.8639066080211773`*^9, 3.8639066605813336`*^9}, {
   3.8639067298956614`*^9, 3.863907069799937*^9}, {3.8639071280079136`*^9, 
   3.8639071954976835`*^9}, {3.8639072305203266`*^9, 3.863907398046749*^9}, {
   3.863907438777259*^9, 3.8639074406801605`*^9}, {3.8639074727285533`*^9, 
   3.863907536763197*^9}, {3.8639075689230676`*^9, 3.8639076002671075`*^9}, {
   3.8639076310185523`*^9, 3.8639077555951147`*^9}, {3.863907842806772*^9, 
   3.8639081462676573`*^9}, {3.863908198552494*^9, 3.863908208685772*^9}, {
   3.863910033087337*^9, 3.863910036574441*^9}, {3.863910250769595*^9, 
   3.863910258461876*^9}, {3.8639102997048883`*^9, 3.863910316793058*^9}, {
   3.863910411226879*^9, 3.8639104139804163`*^9}, {3.863910456835837*^9, 
   3.8639104894905653`*^9}, {3.863910556053371*^9, 3.863910566722103*^9}, {
   3.86391060071907*^9, 3.863910658640596*^9}, {3.8639107231072683`*^9, 
   3.863910752594076*^9}, {3.863910797726778*^9, 3.863910809679888*^9}, {
   3.863911130777379*^9, 3.863911131863132*^9}, {3.8639113027795*^9, 
   3.863911316614053*^9}, {3.863911384975235*^9, 3.863911394716627*^9}, {
   3.863911430735744*^9, 3.863911455746471*^9}, {3.863911595321692*^9, 
   3.863911620655521*^9}, {3.8639116937142267`*^9, 3.863911694218137*^9}, {
   3.8639118730027237`*^9, 3.8639118733705683`*^9}, {3.8639151683190928`*^9, 
   3.8639151688899717`*^9}}],

Cell[BoxData[
 Graphics3DBox[{{{
     {Thickness[0.0034], Line3DBox[{{0, 0, 0}, {1.9912, 0., 0.}}]}, 
     {GrayLevel[0.6], 
      StyleBox[
       {Opacity[1], EdgeForm[None], Polygon3DBox[CompressedData["
1:eJxTTMoPSmViYGDgBWJmINaM6T/0VYPBgQEKqkTWuT+sOmIPE4fwt+x/ceXD
vPI9B+HiUP5+qDya+iP7YebhUL8fh/n7cbgHXb09unqY+7Cbf8Qeh3vssbsf
br49rvABAIJUjig=
         "]], 
        Polygon3DBox[{{2.02, 0., 0.15999999999999998`}, {
         2.02, -0.07999999999999999, 0.13856406460551018`}, {2.5, 0., 0.}}], 
        Polygon3DBox[{{2.02, -0.07999999999999999, 0.13856406460551018`}, {
         2.02, -0.13856406460551018`, 0.07999999999999999}, {2.5, 0., 0.}}], 
        Polygon3DBox[{{2.02, -0.13856406460551018`, 0.07999999999999999}, {
         2.02, -0.15999999999999998`, 0.}, {2.5, 0., 0.}}], 
        Polygon3DBox[{{2.02, -0.15999999999999998`, 0.}, {
         2.02, -0.13856406460551018`, -0.07999999999999999}, {2.5, 0., 0.}}], 
        Polygon3DBox[{{2.02, -0.13856406460551018`, -0.07999999999999999}, {
         2.02, -0.07999999999999999, -0.13856406460551018`}, {2.5, 0., 0.}}], 
        Polygon3DBox[{{2.02, -0.07999999999999999, -0.13856406460551018`}, {
         2.02, 0., -0.15999999999999998`}, {2.5, 0., 0.}}], 
        Polygon3DBox[{{2.02, 0., -0.15999999999999998`}, {2.02, 
         0.07999999999999999, -0.13856406460551018`}, {2.5, 0., 0.}}], 
        Polygon3DBox[{{2.02, 0.07999999999999999, -0.13856406460551018`}, {
         2.02, 0.13856406460551018`, -0.07999999999999999}, {2.5, 0., 0.}}], 
        Polygon3DBox[{{2.02, 0.13856406460551018`, -0.07999999999999999}, {
         2.02, 0.15999999999999998`, 0.}, {2.5, 0., 0.}}], 
        Polygon3DBox[{{2.02, 0.15999999999999998`, 0.}, {2.02, 
         0.13856406460551018`, 0.07999999999999999}, {2.5, 0., 0.}}], 
        Polygon3DBox[{{2.02, 0.13856406460551018`, 0.07999999999999999}, {
         2.02, 0.07999999999999999, 0.13856406460551018`}, {2.5, 0., 0.}}], 
        Polygon3DBox[{{2.02, 0.07999999999999999, 0.13856406460551018`}, {
         2.02, 0., 0.15999999999999998`}, {2.5, 0., 0.}}]},
       Lighting->"Neutral"]}}, {
     {Thickness[0.0034], Line3DBox[{{0, 0, 0}, {0., 1.9912, 0.}}]}, 
     {GrayLevel[0.6], 
      StyleBox[
       {Opacity[1], EdgeForm[None], Polygon3DBox[CompressedData["
1:eJxTTMoPSmViYGDgBWJmBgTQjOk/9FWDwaFKZJ37w6oj9hB6iz1M/MWVD/PK
9xy0h9Go6rfYw/TBxGHm4lC/H4f5+3G4B6Z+P7p6GI3d/CP7cbgHXb09DvPt
cYUPAEldjig=
         "]], 
        Polygon3DBox[{{0., 2.02, 0.15999999999999998`}, {0.07999999999999999, 
         2.02, 0.13856406460551018`}, {0., 2.5, 0.}}], 
        Polygon3DBox[{{0.07999999999999999, 2.02, 0.13856406460551018`}, {
         0.13856406460551018`, 2.02, 0.07999999999999999}, {0., 2.5, 0.}}], 
        Polygon3DBox[{{0.13856406460551018`, 2.02, 0.07999999999999999}, {
         0.15999999999999998`, 2.02, 0.}, {0., 2.5, 0.}}], 
        Polygon3DBox[{{0.15999999999999998`, 2.02, 0.}, {0.13856406460551018`,
          2.02, -0.07999999999999999}, {0., 2.5, 0.}}], 
        Polygon3DBox[{{0.13856406460551018`, 2.02, -0.07999999999999999}, {
         0.07999999999999999, 2.02, -0.13856406460551018`}, {0., 2.5, 0.}}], 
        Polygon3DBox[{{0.07999999999999999, 2.02, -0.13856406460551018`}, {0.,
          2.02, -0.15999999999999998`}, {0., 2.5, 0.}}], 
        Polygon3DBox[{{0., 
         2.02, -0.15999999999999998`}, {-0.07999999999999999, 
         2.02, -0.13856406460551018`}, {0., 2.5, 0.}}], 
        Polygon3DBox[{{-0.07999999999999999, 
         2.02, -0.13856406460551018`}, {-0.13856406460551018`, 
         2.02, -0.07999999999999999}, {0., 2.5, 0.}}], 
        Polygon3DBox[{{-0.13856406460551018`, 
         2.02, -0.07999999999999999}, {-0.15999999999999998`, 2.02, 0.}, {0., 
         2.5, 0.}}], 
        Polygon3DBox[{{-0.15999999999999998`, 2.02, 
         0.}, {-0.13856406460551018`, 2.02, 0.07999999999999999}, {0., 2.5, 
         0.}}], Polygon3DBox[{{-0.13856406460551018`, 2.02, 
         0.07999999999999999}, {-0.07999999999999999, 2.02, 
         0.13856406460551018`}, {0., 2.5, 0.}}], 
        Polygon3DBox[{{-0.07999999999999999, 2.02, 0.13856406460551018`}, {0.,
          2.02, 0.15999999999999998`}, {0., 2.5, 0.}}]},
       Lighting->"Neutral"]}}, {
     {Thickness[0.0034], Line3DBox[{{0, 0, 0}, {0., 0., 1.9912}}]}, 
     {GrayLevel[0.6], 
      StyleBox[
       {Opacity[1], EdgeForm[None], Polygon3DBox[CompressedData["
1:eJxTTMoPSmViYGDgBWJmIK4SWef+sOrIfgYo0IzpP/RVg8HhxZUP88r3HNwP
kd+yHyYO48PkYeIw/TDz0NTbo6uH8u2xm3/EHod7YOrtcZhvj8M96Or3o6tH
8y+aeszwAQBvI46o
         "]], 
        Polygon3DBox[{{-0.15999999999999998`, 0., 
         2.02}, {-0.13856406460551018`, -0.07999999999999999, 2.02}, {0., 0., 
         2.5}}], Polygon3DBox[{{-0.13856406460551018`, -0.07999999999999999, 
         2.02}, {-0.07999999999999999, -0.13856406460551018`, 2.02}, {0., 0., 
         2.5}}], Polygon3DBox[{{-0.07999999999999999, -0.13856406460551018`, 
         2.02}, {0., -0.15999999999999998`, 2.02}, {0., 0., 2.5}}], 
        Polygon3DBox[{{0., -0.15999999999999998`, 2.02}, {
         0.07999999999999999, -0.13856406460551018`, 2.02}, {0., 0., 2.5}}], 
        Polygon3DBox[{{0.07999999999999999, -0.13856406460551018`, 2.02}, {
         0.13856406460551018`, -0.07999999999999999, 2.02}, {0., 0., 2.5}}], 
        Polygon3DBox[{{0.13856406460551018`, -0.07999999999999999, 2.02}, {
         0.15999999999999998`, 0., 2.02}, {0., 0., 2.5}}], 
        Polygon3DBox[{{0.15999999999999998`, 0., 2.02}, {0.13856406460551018`,
          0.07999999999999999, 2.02}, {0., 0., 2.5}}], 
        Polygon3DBox[{{0.13856406460551018`, 0.07999999999999999, 2.02}, {
         0.07999999999999999, 0.13856406460551018`, 2.02}, {0., 0., 2.5}}], 
        Polygon3DBox[{{0.07999999999999999, 0.13856406460551018`, 2.02}, {0., 
         0.15999999999999998`, 2.02}, {0., 0., 2.5}}], 
        Polygon3DBox[{{0., 0.15999999999999998`, 2.02}, {-0.07999999999999999,
          0.13856406460551018`, 2.02}, {0., 0., 2.5}}], 
        Polygon3DBox[{{-0.07999999999999999, 0.13856406460551018`, 
         2.02}, {-0.13856406460551018`, 0.07999999999999999, 2.02}, {0., 0., 
         2.5}}], Polygon3DBox[{{-0.13856406460551018`, 0.07999999999999999, 
         2.02}, {-0.15999999999999998`, 0., 2.02}, {0., 0., 2.5}}]},
       Lighting->"Neutral"]}}}, 
   {GrayLevel[0.9], EdgeForm[Thickness[0.00068]], 
    Polygon3DBox[{{-1.3856406460551018`, -0.8, 0.5}, {1.3856406460551018`, 
     0.8, 0.5}, {0.7728050915599194, 
     1.8614623170703013`, -0.5284601754984628}, {-1.998476200550284, 
     0.26146231707030143`, -0.5284601754984628}}], 
    Polygon3DBox[{{-1.3856406460551018`, -0.8, 0.5}, {1.3856406460551018`, 
     0.8, 0.5}, {
     1.998476200550284, -0.26146231707030143`, -0.5284601754984628}, \
{-0.7728050915599194, -1.8614623170703013`, -0.5284601754984628}}], 
    Polygon3DBox[{{1.3856406460551018`, 0.8, 0.5}, {0.7728050915599194, 
     1.8614623170703013`, -0.5284601754984628}, {
     1.998476200550284, -0.26146231707030143`, -0.5284601754984628}}], 
    Polygon3DBox[{{-1.3856406460551018`, -0.8, 0.5}, {-1.998476200550284, 
     0.26146231707030143`, -0.5284601754984628}, {-0.7728050915599194, \
-1.8614623170703013`, -0.5284601754984628}}], 
    Polygon3DBox[{{0.7728050915599194, 
     1.8614623170703013`, -0.5284601754984628}, {-1.998476200550284, 
     0.26146231707030143`, -0.5284601754984628}, {-0.7728050915599194, \
-1.8614623170703013`, -0.5284601754984628}, {
     1.998476200550284, -0.26146231707030143`, -0.5284601754984628}}]}, {{
     {Thickness[0.0034], Line3DBox[{{0, 4.5, 0}, {1.9912, 4.5, 0.}}]}, 
     {GrayLevel[0.6], 
      StyleBox[
       {Opacity[1], EdgeForm[None], Polygon3DBox[CompressedData["
1:eJxTTMoPSmViYGDgBWJmINaM6T/0VYPBgQEMhByqRNa5P6w6Yg8TB/FE1gk6
vLjyYV75noNw8chKDmeZIkGo+i1wcTAVIwg1D2E+mvr9OMzfj8M9cPGgHXKt
rwOFMNQvb/u+53GvEIb5Swpsua4vFsJwD5p6exzm2+MKHwBaB4C6
         "]], 
        Polygon3DBox[{{2.02, 4.5, 0.15999999999999998`}, {2.02, 4.42, 
         0.13856406460551018`}, {2.5, 4.5, 0.}}], 
        Polygon3DBox[{{2.02, 4.42, 0.13856406460551018`}, {2.02, 
         4.36143593539449, 0.07999999999999999}, {2.5, 4.5, 0.}}], 
        Polygon3DBox[{{2.02, 4.36143593539449, 0.07999999999999999}, {2.02, 
         4.34, 0.}, {2.5, 4.5, 0.}}], 
        Polygon3DBox[{{2.02, 4.34, 0.}, {2.02, 
         4.36143593539449, -0.07999999999999999}, {2.5, 4.5, 0.}}], 
        Polygon3DBox[{{2.02, 4.36143593539449, -0.07999999999999999}, {2.02, 
         4.42, -0.13856406460551018`}, {2.5, 4.5, 0.}}], 
        Polygon3DBox[{{2.02, 4.42, -0.13856406460551018`}, {2.02, 
         4.5, -0.15999999999999998`}, {2.5, 4.5, 0.}}], 
        Polygon3DBox[{{2.02, 4.5, -0.15999999999999998`}, {2.02, 
         4.58, -0.13856406460551018`}, {2.5, 4.5, 0.}}], 
        Polygon3DBox[{{2.02, 4.58, -0.13856406460551018`}, {2.02, 
         4.63856406460551, -0.07999999999999999}, {2.5, 4.5, 0.}}], 
        Polygon3DBox[{{2.02, 4.63856406460551, -0.07999999999999999}, {2.02, 
         4.66, 0.}, {2.5, 4.5, 0.}}], 
        Polygon3DBox[{{2.02, 4.66, 0.}, {2.02, 4.63856406460551, 
         0.07999999999999999}, {2.5, 4.5, 0.}}], 
        Polygon3DBox[{{2.02, 4.63856406460551, 0.07999999999999999}, {2.02, 
         4.58, 0.13856406460551018`}, {2.5, 4.5, 0.}}], 
        Polygon3DBox[{{2.02, 4.58, 0.13856406460551018`}, {2.02, 4.5, 
         0.15999999999999998`}, {2.5, 4.5, 0.}}]},
       Lighting->"Neutral"]}}, {
     {Thickness[0.0034], Line3DBox[{{0, 4.5, 0}, {0., 6.4912, 0.}}]}, 
     {GrayLevel[0.6], 
      StyleBox[
       {Opacity[1], EdgeForm[None], Polygon3DBox[CompressedData["
1:eJxTTMoPSmViYGDgBWJmBgQQWef+sEpEyqEKzDhiD6G32MPEX1z5MK98z0F7
GI2qfos9TB9MHGYuDvX7cZi/H4d7YOr3o6uH0djNP7Ifh3vQ1dvjMN8eV/gA
AEmhiTs=
         "]], 
        Polygon3DBox[{{0., 6.52, 0.15999999999999998`}, {0.07999999999999999, 
         6.52, 0.13856406460551018`}, {0., 7., 0.}}], 
        Polygon3DBox[{{0.07999999999999999, 6.52, 0.13856406460551018`}, {
         0.13856406460551018`, 6.52, 0.07999999999999999}, {0., 7., 0.}}], 
        Polygon3DBox[{{0.13856406460551018`, 6.52, 0.07999999999999999}, {
         0.15999999999999998`, 6.52, 0.}, {0., 7., 0.}}], 
        Polygon3DBox[{{0.15999999999999998`, 6.52, 0.}, {0.13856406460551018`,
          6.52, -0.07999999999999999}, {0., 7., 0.}}], 
        Polygon3DBox[{{0.13856406460551018`, 6.52, -0.07999999999999999}, {
         0.07999999999999999, 6.52, -0.13856406460551018`}, {0., 7., 0.}}], 
        Polygon3DBox[{{0.07999999999999999, 6.52, -0.13856406460551018`}, {0.,
          6.52, -0.15999999999999998`}, {0., 7., 0.}}], 
        Polygon3DBox[{{0., 
         6.52, -0.15999999999999998`}, {-0.07999999999999999, 
         6.52, -0.13856406460551018`}, {0., 7., 0.}}], 
        Polygon3DBox[{{-0.07999999999999999, 
         6.52, -0.13856406460551018`}, {-0.13856406460551018`, 
         6.52, -0.07999999999999999}, {0., 7., 0.}}], 
        Polygon3DBox[{{-0.13856406460551018`, 
         6.52, -0.07999999999999999}, {-0.15999999999999998`, 6.52, 0.}, {0., 
         7., 0.}}], 
        Polygon3DBox[{{-0.15999999999999998`, 6.52, 
         0.}, {-0.13856406460551018`, 6.52, 0.07999999999999999}, {0., 7., 
         0.}}], Polygon3DBox[{{-0.13856406460551018`, 6.52, 
         0.07999999999999999}, {-0.07999999999999999, 6.52, 
         0.13856406460551018`}, {0., 7., 0.}}], 
        Polygon3DBox[{{-0.07999999999999999, 6.52, 0.13856406460551018`}, {0.,
          6.52, 0.15999999999999998`}, {0., 7., 0.}}]},
       Lighting->"Neutral"]}}, {
     {Thickness[0.0034], Line3DBox[{{0, 4.5, 0}, {0., 4.5, 1.9912}}]}, 
     {GrayLevel[0.6], 
      StyleBox[
       {Opacity[1], EdgeForm[None], Polygon3DBox[CompressedData["
1:eJxTTMoPSmViYGDgBWJmIK4SWef+sOrIfgYwEHLQjOk/9FWDweHFlQ/zyvcc
3A+SFVknCBeHqN+yP7KSw1mmCCHOAAVgbgyGent09VDz7bGbf8Qeh3vsg3bI
tb4OFMIwf3nb9z2Pe4Uw3LOkwJbr+mIM9fvR1cP8i918zPABAEbWgTo=
         "]], 
        Polygon3DBox[{{-0.15999999999999998`, 4.5, 
         2.02}, {-0.13856406460551018`, 4.42, 2.02}, {0., 4.5, 2.5}}], 
        Polygon3DBox[{{-0.13856406460551018`, 4.42, 
         2.02}, {-0.07999999999999999, 4.36143593539449, 2.02}, {0., 4.5, 
         2.5}}], Polygon3DBox[{{-0.07999999999999999, 4.36143593539449, 
         2.02}, {0., 4.34, 2.02}, {0., 4.5, 2.5}}], 
        Polygon3DBox[{{0., 4.34, 2.02}, {0.07999999999999999, 
         4.36143593539449, 2.02}, {0., 4.5, 2.5}}], 
        Polygon3DBox[{{0.07999999999999999, 4.36143593539449, 2.02}, {
         0.13856406460551018`, 4.42, 2.02}, {0., 4.5, 2.5}}], 
        Polygon3DBox[{{0.13856406460551018`, 4.42, 2.02}, {
         0.15999999999999998`, 4.5, 2.02}, {0., 4.5, 2.5}}], 
        Polygon3DBox[{{0.15999999999999998`, 4.5, 2.02}, {
         0.13856406460551018`, 4.58, 2.02}, {0., 4.5, 2.5}}], 
        Polygon3DBox[{{0.13856406460551018`, 4.58, 2.02}, {
         0.07999999999999999, 4.63856406460551, 2.02}, {0., 4.5, 2.5}}], 
        Polygon3DBox[{{0.07999999999999999, 4.63856406460551, 2.02}, {0., 
         4.66, 2.02}, {0., 4.5, 2.5}}], 
        Polygon3DBox[{{0., 4.66, 2.02}, {-0.07999999999999999, 
         4.63856406460551, 2.02}, {0., 4.5, 2.5}}], 
        Polygon3DBox[{{-0.07999999999999999, 4.63856406460551, 
         2.02}, {-0.13856406460551018`, 4.58, 2.02}, {0., 4.5, 2.5}}], 
        Polygon3DBox[{{-0.13856406460551018`, 4.58, 
         2.02}, {-0.15999999999999998`, 4.5, 2.02}, {0., 4.5, 2.5}}]},
       Lighting->"Neutral"]}}}, 
   {GrayLevel[0.9], EdgeForm[Thickness[0.00068]], 
    Polygon3DBox[{{-0.8660254037844386, 4., -1.5}, {0.8660254037844386, 
     4., -1.5}, {0., 5.5, -1.5}}], 
    Polygon3DBox[{{-0.8660254037844386, 4., 1.5}, {0.8660254037844386, 4., 
     1.5}, {0., 5.5, 1.5}}], 
    Polygon3DBox[{{-0.8660254037844386, 4., -1.5}, {0.8660254037844386, 
     4., -1.5}, {0.8660254037844386, 4., 1.5}, {-0.8660254037844386, 4., 
     1.5}}], Polygon3DBox[{{0.8660254037844386, 4., -1.5}, {0., 5.5, -1.5}, {
     0., 5.5, 1.5}, {0.8660254037844386, 4., 1.5}}], 
    Polygon3DBox[{{0., 5.5, -1.5}, {-0.8660254037844386, 
     4., -1.5}, {-0.8660254037844386, 4., 1.5}, {0., 5.5, 1.5}}]}, {{
     {Thickness[0.0034], Line3DBox[{{0, 9., 0}, {1.9912, 9., 0.}}]}, 
     {GrayLevel[0.6], 
      StyleBox[
       {Opacity[1], EdgeForm[None], Polygon3DBox[CompressedData["
1:eJxTTMoPSmViYGDgBWJmINaM6T/0VYPBgQEMlByqRNa5P6w6Yg8Tv764wJbr
uqLDiysf5pXvOQgXX2PTosi3UxGqfgtcHMQTWacINQ9hPpr6/TjM34/DPXBx
CK2EoT7kcPW9j25KGOYH7ZBrfR2ohOEeNPX2OMy3xxU+AH7WgYo=
         "]], 
        Polygon3DBox[{{2.02, 9., 0.15999999999999998`}, {2.02, 8.92, 
         0.13856406460551018`}, {2.5, 9., 0.}}], 
        Polygon3DBox[{{2.02, 8.92, 0.13856406460551018`}, {2.02, 
         8.86143593539449, 0.07999999999999999}, {2.5, 9., 0.}}], 
        Polygon3DBox[{{2.02, 8.86143593539449, 0.07999999999999999}, {2.02, 
         8.84, 0.}, {2.5, 9., 0.}}], 
        Polygon3DBox[{{2.02, 8.84, 0.}, {2.02, 
         8.86143593539449, -0.07999999999999999}, {2.5, 9., 0.}}], 
        Polygon3DBox[{{2.02, 8.86143593539449, -0.07999999999999999}, {2.02, 
         8.92, -0.13856406460551018`}, {2.5, 9., 0.}}], 
        Polygon3DBox[{{2.02, 8.92, -0.13856406460551018`}, {2.02, 
         9., -0.15999999999999998`}, {2.5, 9., 0.}}], 
        Polygon3DBox[{{2.02, 9., -0.15999999999999998`}, {2.02, 
         9.08, -0.13856406460551018`}, {2.5, 9., 0.}}], 
        Polygon3DBox[{{2.02, 9.08, -0.13856406460551018`}, {2.02, 
         9.13856406460551, -0.07999999999999999}, {2.5, 9., 0.}}], 
        Polygon3DBox[{{2.02, 9.13856406460551, -0.07999999999999999}, {2.02, 
         9.16, 0.}, {2.5, 9., 0.}}], 
        Polygon3DBox[{{2.02, 9.16, 0.}, {2.02, 9.13856406460551, 
         0.07999999999999999}, {2.5, 9., 0.}}], 
        Polygon3DBox[{{2.02, 9.13856406460551, 0.07999999999999999}, {2.02, 
         9.08, 0.13856406460551018`}, {2.5, 9., 0.}}], 
        Polygon3DBox[{{2.02, 9.08, 0.13856406460551018`}, {2.02, 9., 
         0.15999999999999998`}, {2.5, 9., 0.}}]},
       Lighting->"Neutral"]}}, {
     {Thickness[0.0034], Line3DBox[{{0, 9., 0}, {0., 10.9912, 0.}}]}, 
     {GrayLevel[0.6], 
      StyleBox[
       {Opacity[1], EdgeForm[None], Polygon3DBox[CompressedData["
1:eJxTTMoPSmViYGDgBWJmBgTgur64wJZLzaFKZJ37w6oj9hB6iz1M/MWVD/PK
9xy0h9Go6rfYw/TBxGHm4lC/H4f5+3G4B6Z+P7p6GI3d/CP7cbgHXb09DvPt
cYUPAMxzhr4=
         "]], 
        Polygon3DBox[{{0., 11.02, 0.15999999999999998`}, {0.07999999999999999,
          11.02, 0.13856406460551018`}, {0., 11.5, 0.}}], 
        Polygon3DBox[{{0.07999999999999999, 11.02, 0.13856406460551018`}, {
         0.13856406460551018`, 11.02, 0.07999999999999999}, {0., 11.5, 0.}}], 
        Polygon3DBox[{{0.13856406460551018`, 11.02, 0.07999999999999999}, {
         0.15999999999999998`, 11.02, 0.}, {0., 11.5, 0.}}], 
        Polygon3DBox[{{0.15999999999999998`, 11.02, 0.}, {
         0.13856406460551018`, 11.02, -0.07999999999999999}, {0., 11.5, 0.}}],
         Polygon3DBox[{{0.13856406460551018`, 11.02, -0.07999999999999999}, {
         0.07999999999999999, 11.02, -0.13856406460551018`}, {0., 11.5, 0.}}],
         Polygon3DBox[{{0.07999999999999999, 11.02, -0.13856406460551018`}, {
         0., 11.02, -0.15999999999999998`}, {0., 11.5, 0.}}], 
        Polygon3DBox[{{0., 
         11.02, -0.15999999999999998`}, {-0.07999999999999999, 
         11.02, -0.13856406460551018`}, {0., 11.5, 0.}}], 
        Polygon3DBox[{{-0.07999999999999999, 
         11.02, -0.13856406460551018`}, {-0.13856406460551018`, 
         11.02, -0.07999999999999999}, {0., 11.5, 0.}}], 
        Polygon3DBox[{{-0.13856406460551018`, 
         11.02, -0.07999999999999999}, {-0.15999999999999998`, 11.02, 0.}, {
         0., 11.5, 0.}}], 
        Polygon3DBox[{{-0.15999999999999998`, 11.02, 
         0.}, {-0.13856406460551018`, 11.02, 0.07999999999999999}, {0., 11.5, 
         0.}}], Polygon3DBox[{{-0.13856406460551018`, 11.02, 
         0.07999999999999999}, {-0.07999999999999999, 11.02, 
         0.13856406460551018`}, {0., 11.5, 0.}}], 
        Polygon3DBox[{{-0.07999999999999999, 11.02, 0.13856406460551018`}, {
         0., 11.02, 0.15999999999999998`}, {0., 11.5, 0.}}]},
       Lighting->"Neutral"]}}, {
     {Thickness[0.0034], Line3DBox[{{0, 9., 0}, {0., 9., 1.9912}}]}, 
     {GrayLevel[0.6], 
      StyleBox[
       {Opacity[1], EdgeForm[None], Polygon3DBox[CompressedData["
1:eJxTTMoPSmViYGDgBWJmIK4SWef+sOrIfgYwUHLQjOk/9FWDweHFlQ/zyvcc
3H99cYEt13VFuDhE/Zb9a2xaFPl2IsQZoAAkK7IOQ709unqo+fbYzT9ij8M9
9hC+Eob5IYer7310U8JwT9AOudbXgRjq96Orh/kXu/mY4QMAa6WCCg==
         "]], 
        Polygon3DBox[{{-0.15999999999999998`, 9., 
         2.02}, {-0.13856406460551018`, 8.92, 2.02}, {0., 9., 2.5}}], 
        Polygon3DBox[{{-0.13856406460551018`, 8.92, 
         2.02}, {-0.07999999999999999, 8.86143593539449, 2.02}, {0., 9., 
         2.5}}], Polygon3DBox[{{-0.07999999999999999, 8.86143593539449, 
         2.02}, {0., 8.84, 2.02}, {0., 9., 2.5}}], 
        Polygon3DBox[{{0., 8.84, 2.02}, {0.07999999999999999, 
         8.86143593539449, 2.02}, {0., 9., 2.5}}], 
        Polygon3DBox[{{0.07999999999999999, 8.86143593539449, 2.02}, {
         0.13856406460551018`, 8.92, 2.02}, {0., 9., 2.5}}], 
        Polygon3DBox[{{0.13856406460551018`, 8.92, 2.02}, {
         0.15999999999999998`, 9., 2.02}, {0., 9., 2.5}}], 
        Polygon3DBox[{{0.15999999999999998`, 9., 2.02}, {0.13856406460551018`,
          9.08, 2.02}, {0., 9., 2.5}}], 
        Polygon3DBox[{{0.13856406460551018`, 9.08, 2.02}, {
         0.07999999999999999, 9.13856406460551, 2.02}, {0., 9., 2.5}}], 
        Polygon3DBox[{{0.07999999999999999, 9.13856406460551, 2.02}, {0., 
         9.16, 2.02}, {0., 9., 2.5}}], 
        Polygon3DBox[{{0., 9.16, 2.02}, {-0.07999999999999999, 
         9.13856406460551, 2.02}, {0., 9., 2.5}}], 
        Polygon3DBox[{{-0.07999999999999999, 9.13856406460551, 
         2.02}, {-0.13856406460551018`, 9.08, 2.02}, {0., 9., 2.5}}], 
        Polygon3DBox[{{-0.13856406460551018`, 9.08, 
         2.02}, {-0.15999999999999998`, 9., 2.02}, {0., 9., 2.5}}]},
       Lighting->"Neutral"]}}}, 
   {GrayLevel[0.9], EdgeForm[Thickness[0.00068]], 
    Polygon3DBox[
     NCache[{{Rational[2, 3], 10.333333333333334`, -1}, {
       Rational[2, 3], 10.333333333333334`, 1}, {
       Rational[-2, 3], 10.333333333333334`, 1}, {
       Rational[-2, 3], 10.333333333333334`, -1}}, {{
       0.6666666666666666, 10.333333333333334`, -1}, {
       0.6666666666666666, 10.333333333333334`, 1}, {-0.6666666666666666, 
        10.333333333333334`, 1}, {-0.6666666666666666, 
        10.333333333333334`, -1}}]], 
    Polygon3DBox[
     NCache[{{Rational[2, 3], 7.666666666666667, -1}, {
       Rational[2, 3], 7.666666666666667, 1}, {
       Rational[-2, 3], 7.666666666666667, 1}, {
       Rational[-2, 3], 7.666666666666667, -1}}, {{
       0.6666666666666666, 7.666666666666667, -1}, {
       0.6666666666666666, 7.666666666666667, 1}, {-0.6666666666666666, 
